0.000000000000000000e+00 0.000000000000000000e+00
4.500000000000000114e-06 0.000000000000000000e+00
9.000000000000000228e-06 0.000000000000000000e+00
1.349999999999999949e-05 0.000000000000000000e+00
1.800000000000000046e-05 0.000000000000000000e+00
2.699999999999999899e-05 0.000000000000000000e+00
3.149999999999999995e-05 0.000000000000000000e+00
3.600000000000000091e-05 0.000000000000000000e+00
4.049999999999999510e-05 0.000000000000000000e+00
4.499999999999999606e-05 0.000000000000000000e+00
4.949999999999999702e-05 0.000000000000000000e+00
5.399999999999999798e-05 0.000000000000000000e+00
5.849999999999999894e-05 0.000000000000000000e+00
0.000000000000000000e+00 4.500000000000000114e-06
4.500000000000000114e-06 4.500000000000000114e-06
9.000000000000000228e-06 4.500000000000000114e-06
1.349999999999999949e-05 4.500000000000000114e-06
1.800000000000000046e-05 4.500000000000000114e-06
2.249999999999999803e-05 4.500000000000000114e-06
2.699999999999999899e-05 4.500000000000000114e-06
3.149999999999999995e-05 4.500000000000000114e-06
3.600000000000000091e-05 4.500000000000000114e-06
4.049999999999999510e-05 4.500000000000000114e-06
5.399999999999999798e-05 4.500000000000000114e-06
5.849999999999999894e-05 4.500000000000000114e-06
9.000000000000000228e-06 9.000000000000000228e-06
1.800000000000000046e-05 9.000000000000000228e-06
2.249999999999999803e-05 9.000000000000000228e-06
3.149999999999999995e-05 9.000000000000000228e-06
3.600000000000000091e-05 9.000000000000000228e-06
4.949999999999999702e-05 9.000000000000000228e-06
5.399999999999999798e-05 9.000000000000000228e-06
5.849999999999999894e-05 9.000000000000000228e-06
0.000000000000000000e+00 1.349999999999999949e-05
9.000000000000000228e-06 1.349999999999999949e-05
2.699999999999999899e-05 1.349999999999999949e-05
4.499999999999999606e-05 1.349999999999999949e-05
5.399999999999999798e-05 1.349999999999999949e-05
5.849999999999999894e-05 1.349999999999999949e-05
4.500000000000000114e-06 1.800000000000000046e-05
1.349999999999999949e-05 1.800000000000000046e-05
1.800000000000000046e-05 1.800000000000000046e-05
2.249999999999999803e-05 1.800000000000000046e-05
2.699999999999999899e-05 1.800000000000000046e-05
3.149999999999999995e-05 1.800000000000000046e-05
3.600000000000000091e-05 1.800000000000000046e-05
4.049999999999999510e-05 1.800000000000000046e-05
4.499999999999999606e-05 1.800000000000000046e-05
4.949999999999999702e-05 1.800000000000000046e-05
5.849999999999999894e-05 1.800000000000000046e-05
0.000000000000000000e+00 2.249999999999999803e-05
4.500000000000000114e-06 2.249999999999999803e-05
9.000000000000000228e-06 2.249999999999999803e-05
2.249999999999999803e-05 2.249999999999999803e-05
3.149999999999999995e-05 2.249999999999999803e-05
3.600000000000000091e-05 2.249999999999999803e-05
4.949999999999999702e-05 2.249999999999999803e-05
5.399999999999999798e-05 2.249999999999999803e-05
5.849999999999999894e-05 2.249999999999999803e-05
4.500000000000000114e-06 2.699999999999999899e-05
9.000000000000000228e-06 2.699999999999999899e-05
1.349999999999999949e-05 2.699999999999999899e-05
1.800000000000000046e-05 2.699999999999999899e-05
2.249999999999999803e-05 2.699999999999999899e-05
2.699999999999999899e-05 2.699999999999999899e-05
3.149999999999999995e-05 2.699999999999999899e-05
3.600000000000000091e-05 2.699999999999999899e-05
4.949999999999999702e-05 2.699999999999999899e-05
5.399999999999999798e-05 2.699999999999999899e-05
5.849999999999999894e-05 2.699999999999999899e-05
0.000000000000000000e+00 3.149999999999999995e-05
4.500000000000000114e-06 3.149999999999999995e-05
1.349999999999999949e-05 3.149999999999999995e-05
1.800000000000000046e-05 3.149999999999999995e-05
2.249999999999999803e-05 3.149999999999999995e-05
2.699999999999999899e-05 3.149999999999999995e-05
3.149999999999999995e-05 3.149999999999999995e-05
4.949999999999999702e-05 3.149999999999999995e-05
5.399999999999999798e-05 3.149999999999999995e-05
5.849999999999999894e-05 3.149999999999999995e-05
0.000000000000000000e+00 3.600000000000000091e-05
4.500000000000000114e-06 3.600000000000000091e-05
9.000000000000000228e-06 3.600000000000000091e-05
1.349999999999999949e-05 3.600000000000000091e-05
2.249999999999999803e-05 3.600000000000000091e-05
2.699999999999999899e-05 3.600000000000000091e-05
3.149999999999999995e-05 3.600000000000000091e-05
4.499999999999999606e-05 3.600000000000000091e-05
4.949999999999999702e-05 3.600000000000000091e-05
4.500000000000000114e-06 4.049999999999999510e-05
2.249999999999999803e-05 4.049999999999999510e-05
2.699999999999999899e-05 4.049999999999999510e-05
3.149999999999999995e-05 4.049999999999999510e-05
3.600000000000000091e-05 4.049999999999999510e-05
4.049999999999999510e-05 4.049999999999999510e-05
4.949999999999999702e-05 4.049999999999999510e-05
5.849999999999999894e-05 4.049999999999999510e-05
0.000000000000000000e+00 4.499999999999999606e-05
4.500000000000000114e-06 4.499999999999999606e-05
9.000000000000000228e-06 4.499999999999999606e-05
2.699999999999999899e-05 4.499999999999999606e-05
3.149999999999999995e-05 4.499999999999999606e-05
3.600000000000000091e-05 4.499999999999999606e-05
4.049999999999999510e-05 4.499999999999999606e-05
4.949999999999999702e-05 4.499999999999999606e-05
5.399999999999999798e-05 4.499999999999999606e-05
0.000000000000000000e+00 4.949999999999999702e-05
4.500000000000000114e-06 4.949999999999999702e-05
1.349999999999999949e-05 4.949999999999999702e-05
2.249999999999999803e-05 4.949999999999999702e-05
2.699999999999999899e-05 4.949999999999999702e-05
3.149999999999999995e-05 4.949999999999999702e-05
3.600000000000000091e-05 4.949999999999999702e-05
4.499999999999999606e-05 4.949999999999999702e-05
4.949999999999999702e-05 4.949999999999999702e-05
5.399999999999999798e-05 4.949999999999999702e-05
5.849999999999999894e-05 4.949999999999999702e-05
0.000000000000000000e+00 5.399999999999999798e-05
4.500000000000000114e-06 5.399999999999999798e-05
1.349999999999999949e-05 5.399999999999999798e-05
1.800000000000000046e-05 5.399999999999999798e-05
2.699999999999999899e-05 5.399999999999999798e-05
3.149999999999999995e-05 5.399999999999999798e-05
4.499999999999999606e-05 5.399999999999999798e-05
4.949999999999999702e-05 5.399999999999999798e-05
5.399999999999999798e-05 5.399999999999999798e-05
0.000000000000000000e+00 5.849999999999999894e-05
4.500000000000000114e-06 5.849999999999999894e-05
1.349999999999999949e-05 5.849999999999999894e-05
1.800000000000000046e-05 5.849999999999999894e-05
2.249999999999999803e-05 5.849999999999999894e-05
2.699999999999999899e-05 5.849999999999999894e-05
3.600000000000000091e-05 5.849999999999999894e-05
4.049999999999999510e-05 5.849999999999999894e-05
4.499999999999999606e-05 5.849999999999999894e-05
5.399999999999999798e-05 5.849999999999999894e-05
5.849999999999999894e-05 5.849999999999999894e-05
