4.500000000000000000e+01 1.435122222222222263e+03
4.500000000000000000e+01 1.422273514423514371e+03
4.600000000000000000e+01 1.058561150547175430e+03
4.500000000000000000e+01 3.835825135182278132e+02
4.600000000000000000e+01 3.801688997338065406e+02
4.700000000000000000e+01 3.391728723404255561e+02
4.500000000000000000e+01 3.202794753086419632e+02
4.500000000000000000e+01 3.198575093283582191e+02
4.700000000000000000e+01 3.163114657210401788e+02
4.700000000000000000e+01 3.133090705487122136e+02
3.900000000000000000e+01 2.910503663003663064e+02
3.900000000000000000e+01 2.709365666384896940e+02
3.800000000000000000e+01 2.468020467836257410e+02
4.600000000000000000e+01 2.434293478260869676e+02
4.700000000000000000e+01 2.164202127659574444e+02
4.000000000000000000e+01 2.120504629629629676e+02
4.700000000000000000e+01 2.015721040189125404e+02
4.500000000000000000e+01 1.975919546381243492e+02
4.100000000000000000e+01 1.914512195121951095e+02
